This folder: /media/daniella/B/git/danimesq/Sites/subdomains/at/'at.danimesq.com'

folderstamp version: r5
Method: Recursive

  File: ./.folderstamp
  Size: 125       	Blocks: 0          IO Block: 4096   regular file
Device: 8,52	Inode: 3613036     Links: 1
Access: (0664/-rw-rw-r--)  Uid: ( 1000/daniella)   Gid: ( 1000/daniella)
Access: 2024-09-18 12:42:22.085790500 -0300
Modify: 2024-09-18 12:42:22.115790400 -0300
Change: 2024-09-18 12:42:22.115790400 -0300
 Birth: 2024-09-18 12:42:22.085790500 -0300
IPFS hash: QmYT7UbYzv8dqipA6ZDj5PHWAGBrWjWiPe1t5TnmM7cwYP
------------------------------
  File: ./.folderstamp1
  Size: 1389      	Blocks: 8          IO Block: 4096   regular file
Device: 8,52	Inode: 3556050     Links: 1
Access: (0664/-rw-rw-r--)  Uid: ( 1000/daniella)   Gid: ( 1000/daniella)
Access: 2024-09-18 12:41:44.623961700 -0300
Modify: 2024-09-17 14:50:47.576131600 -0300
Change: 2024-09-18 12:41:44.625961700 -0300
 Birth: 2024-09-18 12:41:44.623961700 -0300
IPFS hash: QmdMKryUWHAezdD5hbC5pG18k9q6FxLwRfTJsKSvpnVxGw
------------------------------